#wavelength throughput
3920.0 0.0
3924.0201005025124 0.0
3928.040201005025 0.0
3932.0603015075376 0.0
3936.0804020100504 0.0
3940.100502512563 0.0
3944.120603015075 0.0
3948.140703517588 0.0
3952.1608040201004 0.0
3956.180904522613 0.0
3960.2010050251256 0.0
3964.221105527638 0.0
3968.241206030151 0.0
3972.261306532663 0.0
3976.281407035176 0.0
3980.3015075376884 0.0
3984.3216080402008 0.0
3988.3417085427136 0.0
3992.361809045226 0.0
3996.381909547739 0.0
4000.402010050251 0.0
4004.422110552764 0.0
4008.4422110552764 0.0
4012.462311557789 0.0
4016.4824120603016 0.0
4020.502512562814 0.0
4024.522613065327 0.0
4028.542713567839 0.0
4032.5628140703516 0.0
4036.5829145728644 0.0
4040.603015075377 0.0
4044.6231155778896 0.0
4048.643216080402 0.0
4052.6633165829144 0.0
4056.683417085427 0.0
4060.7035175879396 0.0
4064.7236180904524 0.0
4068.743718592965 0.0
4072.763819095477 0.0
4076.78391959799 0.0
4080.8040201005024 0.0
4084.824120603015 0.0
4088.8442211055276 0.0
4092.86432160804 0.0
4096.884422110553 0.0
4100.904522613066 0.0
4104.924623115578 0.0
4108.94472361809 0.0
4112.964824120603 0.0
4116.984924623115 0.0
4121.005025125628 1.0
4125.025125628141 1.0
4129.045226130654 1.0
4133.065326633166 1.0
4137.085427135678 1.0
4141.105527638191 1.0
4145.125628140703 1.0
4149.145728643216 1.0
4153.165829145729 1.0
4157.185929648242 1.0
4161.206030150754 1.0
4165.226130653266 1.0
4169.246231155779 1.0
4173.266331658291 1.0
4177.286432160804 1.0
4181.306532663317 1.0
4185.326633165829 1.0
4189.346733668342 1.0
4193.366834170854 1.0
4197.386934673366 1.0
4201.407035175879 1.0
4205.427135678392 1.0
4209.447236180905 1.0
4213.467336683417 1.0
4217.48743718593 1.0
4221.507537688442 1.0
4225.527638190954 1.0
4229.547738693467 1.0
4233.56783919598 1.0
4237.587939698493 1.0
4241.608040201005 1.0
4245.628140703518 1.0
4249.64824120603 1.0
4253.668341708542 1.0
4257.688442211055 1.0
4261.708542713568 1.0
4265.72864321608 1.0
4269.748743718593 1.0
4273.768844221106 1.0
4277.788944723618 1.0
4281.80904522613 1.0
4285.829145728643 1.0
4289.849246231156 1.0
4293.869346733668 1.0
4297.889447236181 1.0
4301.909547738694 1.0
4305.929648241206 1.0
4309.949748743718 1.0
4313.969849246231 1.0
4317.989949748744 1.0
4322.010050251256 1.0
4326.030150753769 1.0
4330.050251256282 1.0
4334.070351758794 1.0
4338.090452261306 1.0
4342.110552763819 1.0
4346.130653266331 1.0
4350.150753768844 1.0
4354.170854271357 1.0
4358.19095477387 1.0
4362.211055276382 1.0
4366.231155778894 1.0
4370.251256281407 1.0
4374.271356783919 1.0
4378.291457286432 1.0
4382.311557788945 1.0
4386.331658291458 1.0
4390.35175879397 1.0
4394.371859296482 1.0
4398.391959798995 1.0
4402.412060301507 1.0
4406.43216080402 1.0
4410.452261306533 1.0
4414.472361809045 1.0
4418.492462311558 1.0
4422.51256281407 1.0
4426.532663316583 1.0
4430.552763819095 1.0
4434.572864321608 1.0
4438.592964824121 1.0
4442.613065326633 1.0
4446.633165829146 1.0
4450.653266331658 1.0
4454.673366834171 1.0
4458.693467336683 1.0
4462.713567839196 1.0
4466.733668341709 1.0
4470.753768844221 1.0
4474.773869346734 1.0
4478.793969849246 1.0
4482.814070351758 1.0
4486.834170854271 1.0
4490.854271356784 1.0
4494.874371859296 1.0
4498.894472361809 1.0
4502.914572864322 1.0
4506.934673366834 1.0
4510.954773869346 1.0
4514.974874371859 1.0
4518.994974874372 0.0
4523.015075376885 0.0
4527.035175879397 0.0
4531.05527638191 0.0
4535.075376884422 0.0
4539.095477386934 0.0
4543.115577889447 0.0
4547.13567839196 0.0
4551.155778894472 0.0
4555.175879396985 0.0
4559.195979899498 0.0
4563.2160804020095 0.0
4567.236180904522 0.0
4571.256281407035 0.0
4575.276381909548 0.0
4579.29648241206 0.0
4583.316582914573 0.0
4587.336683417086 0.0
4591.356783919598 0.0
4595.37688442211 0.0
4599.396984924623 0.0
4603.417085427136 0.0
4607.437185929648 0.0
4611.457286432161 0.0
4615.477386934674 0.0
4619.497487437186 0.0
4623.517587939698 0.0
4627.537688442211 0.0
4631.557788944723 0.0
4635.577889447236 0.0
4639.597989949749 0.0
4643.618090452261 0.0
4647.638190954774 0.0
4651.658291457286 0.0
4655.678391959799 0.0
4659.698492462311 0.0
4663.718592964824 0.0
4667.738693467337 0.0
4671.75879396985 0.0
4675.778894472362 0.0
4679.798994974874 0.0
4683.819095477387 0.0
4687.839195979899 0.0
4691.859296482412 0.0
4695.879396984925 0.0
4699.899497487437 0.0
4703.91959798995 0.0
4707.939698492462 0.0
4711.959798994974 0.0
4715.979899497487 0.0
4720.0 0.0
