#wavelength throughput
6500.0 0.0
6510.050251256282 0.0
6520.100502512563 0.0
6530.150753768844 0.0
6540.201005025126 0.0
6550.251256281407 0.0
6560.301507537689 0.0
6570.35175879397 0.0
6580.402010050251 0.0
6590.452261306533 0.0
6600.502512562814 0.0
6610.552763819095 0.0
6620.603015075377 0.0
6630.653266331658 0.0
6640.70351758794 0.0
6650.753768844221 0.0
6660.804020100502 0.0
6670.854271356784 0.0
6680.904522613066 0.0
6690.954773869346 0.0
6701.005025125628 0.0
6711.05527638191 0.0
6721.105527638191 0.0
6731.155778894472 0.0
6741.206030150754 0.0
6751.256281407035 0.0
6761.306532663317 0.0
6771.3567839195985 0.0
6781.407035175879 0.0
6791.457286432161 0.0
6801.507537688442 0.0
6811.557788944724 0.0
6821.608040201005 0.0
6831.658291457286 0.0
6841.708542713568 0.0
6851.75879396985 0.0
6861.80904522613 0.0
6871.859296482412 0.0
6881.909547738694 0.0
6891.959798994975 0.0
6902.010050251256 0.0
6912.060301507538 0.0
6922.110552763819 0.0
6932.160804020101 0.0
6942.211055276382 0.0
6952.261306532663 0.0
6962.311557788945 0.0
6972.361809045226 0.0
6982.412060301507 0.0
6992.462311557789 0.0
7002.51256281407 1.0
7012.562814070352 1.0
7022.613065326634 1.0
7032.663316582914 1.0
7042.713567839196 1.0
7052.763819095478 1.0
7062.814070351758 1.0
7072.86432160804 1.0
7082.914572864322 1.0
7092.964824120603 1.0
7103.015075376885 1.0
7113.065326633166 1.0
7123.115577889447 1.0
7133.165829145729 1.0
7143.21608040201 1.0
7153.266331658291 1.0
7163.316582914573 1.0
7173.366834170854 1.0
7183.417085427136 1.0
7193.467336683417 1.0
7203.517587939698 1.0
7213.56783919598 1.0
7223.618090452262 1.0
7233.668341708542 1.0
7243.718592964824 1.0
7253.768844221106 1.0
7263.819095477387 1.0
7273.869346733669 1.0
7283.91959798995 1.0
7293.969849246231 1.0
7304.020100502513 1.0
7314.070351758794 1.0
7324.120603015075 1.0
7334.170854271357 1.0
7344.221105527638 1.0
7354.27135678392 1.0
7364.321608040201 1.0
7374.371859296482 1.0
7384.422110552764 1.0
7394.472361809046 1.0
7404.522613065326 1.0
7414.572864321608 1.0
7424.62311557789 1.0
7434.673366834171 1.0
7444.723618090452 1.0
7454.773869346734 1.0
7464.824120603015 1.0
7474.874371859297 1.0
7484.924623115578 1.0
7494.974874371859 1.0
7505.025125628141 1.0
7515.075376884422 1.0
7525.125628140704 1.0
7535.175879396985 1.0
7545.226130653266 1.0
7555.276381909548 1.0
7565.326633165829 1.0
7575.37688442211 1.0
7585.427135678392 1.0
7595.477386934674 1.0
7605.527638190955 1.0
7615.577889447236 1.0
7625.628140703518 1.0
7635.678391959799 1.0
7645.72864321608 1.0
7655.778894472362 1.0
7665.829145728643 1.0
7675.879396984925 1.0
7685.929648241206 1.0
7695.979899497488 1.0
7706.030150753769 1.0
7716.08040201005 1.0
7726.130653266332 1.0
7736.180904522613 1.0
7746.231155778894 1.0
7756.281407035176 1.0
7766.331658291458 1.0
7776.381909547739 1.0
7786.43216080402 1.0
7796.482412060302 1.0
7806.532663316583 1.0
7816.582914572864 1.0
7826.633165829146 1.0
7836.683417085427 1.0
7846.733668341709 1.0
7856.7839195979905 1.0
7866.834170854271 1.0
7876.884422110553 1.0
7886.934673366834 1.0
7896.984924623115 1.0
7907.035175879397 1.0
7917.085427135678 1.0
7927.13567839196 1.0
7937.185929648242 1.0
7947.236180904523 1.0
7957.286432160804 1.0
7967.336683417086 1.0
7977.386934673367 1.0
7987.437185929648 1.0
7997.48743718593 0.0
8007.537688442211 0.0
8017.587939698493 0.0
8027.6381909547745 0.0
8037.688442211055 0.0
8047.738693467337 0.0
8057.788944723618 0.0
8067.839195979899 0.0
8077.889447236181 0.0
8087.939698492462 0.0
8097.989949748744 0.0
8108.040201005026 0.0
8118.090452261306 0.0
8128.140703517588 0.0
8138.19095477387 0.0
8148.24120603015 0.0
8158.291457286432 0.0
8168.341708542714 0.0
8178.391959798995 0.0
8188.442211055277 0.0
8198.492462311558 0.0
8208.54271356784 0.0
8218.592964824122 0.0
8228.643216080402 0.0
8238.693467336683 0.0
8248.743718592965 0.0
8258.793969849246 0.0
8268.844221105528 0.0
8278.89447236181 0.0
8288.944723618091 0.0
8298.994974874371 0.0
8309.045226130653 0.0
8319.095477386934 0.0
8329.145728643216 0.0
8339.195979899498 0.0
8349.24623115578 0.0
8359.29648241206 0.0
8369.346733668342 0.0
8379.396984924624 0.0
8389.447236180904 0.0
8399.497487437186 0.0
8409.547738693467 0.0
8419.597989949749 0.0
8429.64824120603 0.0
8439.698492462312 0.0
8449.748743718594 0.0
8459.798994974875 0.0
8469.849246231155 0.0
8479.899497487437 0.0
8489.949748743718 0.0
8500.0 0.0
