#wavelength throughput
2597.0 0.0
2601.0201005025124 0.0
2605.040201005025 0.0
2609.0603015075376 0.0
2613.0804020100504 0.0
2617.100502512563 0.0
2621.120603015075 0.0
2625.140703517588 0.0
2629.1608040201004 0.0
2633.180904522613 0.0
2637.2010050251256 0.0
2641.221105527638 0.0
2645.241206030151 0.0
2649.261306532663 0.0
2653.281407035176 0.0
2657.3015075376884 0.0
2661.3216080402008 0.0
2665.3417085427136 0.0
2669.361809045226 0.0
2673.381909547739 0.0
2677.402010050251 0.0
2681.422110552764 0.0
2685.4422110552764 0.0
2689.462311557789 0.0
2693.4824120603016 0.0
2697.502512562814 0.0
2701.522613065327 0.0
2705.542713567839 0.0
2709.5628140703516 0.0
2713.5829145728644 0.0
2717.603015075377 0.0
2721.6231155778896 0.0
2725.643216080402 0.0
2729.6633165829144 0.0
2733.683417085427 0.0
2737.7035175879396 0.0
2741.7236180904524 0.0
2745.743718592965 0.0
2749.763819095477 0.0
2753.78391959799 0.0
2757.8040201005024 0.0
2761.824120603015 0.0
2765.8442211055276 0.0
2769.86432160804 0.0
2773.884422110553 0.0
2777.904522613065 0.0
2781.924623115578 0.0
2785.9447236180904 0.0
2789.964824120603 0.0
2793.9849246231156 0.0
2798.005025125628 1.0
2802.025125628141 1.0
2806.045226130653 1.0
2810.0653266331656 1.0
2814.0854271356784 1.0
2818.105527638191 1.0
2822.1256281407036 1.0
2826.145728643216 1.0
2830.165829145729 1.0
2834.185929648241 1.0
2838.2060301507536 1.0
2842.2261306532664 1.0
2846.246231155779 1.0
2850.2663316582916 1.0
2854.286432160804 1.0
2858.3065326633164 1.0
2862.326633165829 1.0
2866.3467336683416 1.0
2870.3668341708544 1.0
2874.386934673367 1.0
2878.407035175879 1.0
2882.427135678392 1.0
2886.4472361809044 1.0
2890.467336683417 1.0
2894.4874371859296 1.0
2898.5075376884424 1.0
2902.527638190955 1.0
2906.547738693467 1.0
2910.56783919598 1.0
2914.5879396984924 1.0
2918.6080402010048 1.0
2922.6281407035176 1.0
2926.64824120603 1.0
2930.668341708543 1.0
2934.688442211055 1.0
2938.708542713568 1.0
2942.7286432160804 1.0
2946.748743718593 1.0
2950.7688442211056 1.0
2954.788944723618 1.0
2958.8090452261304 1.0
2962.829145728643 1.0
2966.8492462311556 1.0
2970.8693467336684 1.0
2974.889447236181 1.0
2978.9095477386936 1.0
2982.929648241206 1.0
2986.9497487437184 1.0
2990.969849246231 1.0
2994.9899497487436 1.0
2999.0100502512564 1.0
3003.030150753769 1.0
3007.0502512562816 1.0
3011.070351758794 1.0
3015.0904522613064 1.0
3019.110552763819 1.0
3023.1306532663316 1.0
3027.150753768844 1.0
3031.170854271357 1.0
3035.190954773869 1.0
3039.211055276382 1.0
3043.2311557788944 1.0
3047.251256281407 1.0
3051.2713567839196 1.0
3055.291457286432 1.0
3059.311557788945 1.0
3063.331658291457 1.0
3067.3517587939696 1.0
3071.3718592964824 1.0
3075.391959798995 1.0
3079.4120603015076 1.0
3083.43216080402 1.0
3087.452261306533 1.0
3091.472361809045 1.0
3095.4924623115576 1.0
3099.5125628140704 1.0
3103.532663316583 1.0
3107.5527638190956 1.0
3111.572864321608 1.0
3115.592964824121 1.0
3119.613065326633 1.0
3123.6331658291456 1.0
3127.6532663316584 1.0
3131.673366834171 1.0
3135.693467336683 1.0
3139.713567839196 1.0
3143.7336683417084 1.0
3147.753768844221 1.0
3151.7738693467336 1.0
3155.7939698492464 1.0
3159.814070351759 1.0
3163.834170854271 1.0
3167.854271356784 1.0
3171.8743718592964 1.0
3175.8944723618088 1.0
3179.9145728643216 1.0
3183.934673366834 1.0
3187.954773869347 1.0
3191.974874371859 1.0
3195.994974874372 0.0
3200.0150753768844 0.0
3204.035175879397 0.0
3208.0552763819096 0.0
3212.075376884422 0.0
3216.0954773869344 0.0
3220.115577889447 0.0
3224.13567839196 0.0
3228.1557788944724 0.0
3232.175879396985 0.0
3236.1959798994976 0.0
3240.21608040201 0.0
3244.2361809045224 0.0
3248.256281407035 0.0
3252.2763819095476 0.0
3256.29648241206 0.0
3260.316582914573 0.0
3264.3366834170856 0.0
3268.356783919598 0.0
3272.3768844221104 0.0
3276.396984924623 0.0
3280.4170854271356 0.0
3284.437185929648 0.0
3288.457286432161 0.0
3292.477386934673 0.0
3296.497487437186 0.0
3300.5175879396984 0.0
3304.537688442211 0.0
3308.5577889447236 0.0
3312.577889447236 0.0
3316.597989949749 0.0
3320.618090452261 0.0
3324.6381909547736 0.0
3328.6582914572864 0.0
3332.678391959799 0.0
3336.6984924623116 0.0
3340.718592964824 0.0
3344.738693467337 0.0
3348.758793969849 0.0
3352.7788944723616 0.0
3356.7989949748744 0.0
3360.819095477387 0.0
3364.839195979899 0.0
3368.859296482412 0.0
3372.879396984925 0.0
3376.899497487437 0.0
3380.9195979899496 0.0
3384.9396984924624 0.0
3388.959798994975 0.0
3392.979899497487 0.0
3397.0 0.0